1 35 172 6
23 11
P P P P P P P P P P P
X X X X X X X X X X X
B X B B B B B B B X I
P X B B P P P P B X E
P X B P X X X X X X B
P X B P X B B X X X B
P X B P X B B X B X B
P X B P X B B X B X B
P X B P X B B X B X B
P X B P X B B X B X B
P X B P X B B X B X B
P X B P X B B X B X B
P X B P X B B X B X B
P X B P X B B X B X B
P X B P X B B X B X B
P X B P X B B X B X B
P X B P X B B X B X B
P X B P X B B X B X B
P X B X X X X X B X B
P X B B B B B B B X B
P X X X X X X X X X B
P X X X X X X X X X X
P X B P P P P P P P P
218
1 6 5983 509 12
2 11 5931 505 19
3 12 7456 925 9
4 15 5033 397 19
5 18 6834 689 7
6 18 2309 212 11
7 20 2895 781 11
8 26 2911 774 8
9 29 1896 244 6
10 30 2067 301 23
11 32 5339 777 6
12 32 2711 448 9
13 35 3966 663 30
14 50 6504 544 8
15 50 4131 721 7
16 54 2194 561 30
17 55 4928 787 10
18 58 6957 704 21
19 63 4978 1024 15
20 84 5335 606 21
21 86 1510 158 7
22 87 5721 1072 13
23 93 7446 826 9
24 98 6834 1032 26
25 101 1623 255 30
26 101 5737 655 24
27 106 4029 771 17
28 109 3271 976 23
29 111 5410 1103 15
30 128 4914 1060 23
31 131 2600 753 7
32 131 5193 530 8
33 136 3517 940 29
34 139 5258 786 29
35 141 5352 650 11
36 147 6393 825 14
37 155 5036 374 23
38 159 3720 361 5
39 161 6471 693 32
40 164 4201 342 24
41 165 7162 843 32
42 166 4365 362 27
43 168 4358 825 24
44 169 6038 553 11
45 170 3740 878 31
46 172 3945 699 15
47 175 2881 376 10
48 187 2368 473 24
49 191 4733 591 31
50 192 6027 435 25
51 193 7075 1123 17
52 200 7021 1002 24
53 206 2754 685 23
54 218 5043 1033 21
55 219 2763 511 25
56 220 5923 177 32
57 224 6014 198 6
58 226 3884 221 20
59 228 6652 852 22
60 229 3397 1097 20
61 230 1879 437 8
62 232 6702 727 28
63 244 3509 522 8
64 252 5042 158 19
65 254 3761 252 25
66 254 4780 767 28
67 265 4482 201 11
68 266 1935 234 32
69 268 2364 622 11
70 274 5819 585 25
71 274 7188 936 14
72 278 2225 580 24
73 288 4621 1095 27
74 288 7820 1149 18
75 296 2614 742 26
76 297 7005 1094 26
77 299 4131 871 16
78 305 6871 532 27
79 312 4598 273 19
80 314 6025 1057 19
81 323 3395 926 34
82 333 7479 957 18
83 347 6884 789 33
84 348 3841 512 34
85 350 5349 676 13
86 368 6578 1120 28
87 377 4274 306 33
88 382 5007 220 22
89 391 4839 1042 26
90 392 4267 772 24
91 393 5136 691 23
92 393 4736 719 5
93 393 5030 312 18
94 397 5811 1016 34
95 403 7057 990 27
96 408 6047 828 10
97 409 1907 356 33
98 409 5015 1151 32
99 414 2522 457 12
100 420 3242 997 28
101 423 4392 1061 29
102 423 2392 308 6
103 423 6161 830 34
104 428 6338 444 25
105 428 2818 218 21
106 445 5874 1150 31
107 447 2214 407 9
108 450 4840 193 26
109 451 1979 478 21
110 453 4205 431 32
111 464 4487 319 31
112 465 3481 994 17
113 466 6577 598 23
114 471 5035 611 18
115 484 7982 881 9
116 489 4764 504 23
117 493 5604 796 14
118 499 3865 225 28
119 507 6887 658 15
120 509 4023 681 24
121 522 7791 795 29
122 538 4193 228 9
123 539 6176 1141 16
124 541 4791 911 6
125 561 7687 1106 11
126 564 5909 607 15
127 568 3858 392 34
128 570 8397 1066 5
129 571 4909 903 32
130 576 3058 390 13
131 580 6955 1028 11
132 580 7734 1070 23
133 594 5681 1088 24
134 603 2794 354 19
135 610 6856 641 27
136 615 2998 196 8
137 618 2460 309 19
138 621 7356 1062 21
139 621 4922 250 10
140 625 5428 533 27
141 631 7730 726 26
142 634 4784 794 23
143 635 7196 642 13
144 642 6789 873 22
145 643 4464 710 12
146 647 5254 1024 25
147 657 4824 833 33
148 667 4992 511 10
149 667 4228 825 17
150 671 3696 499 25
151 674 4880 209 23
152 680 5536 1060 14
153 683 5100 1129 24
154 713 4878 461 5
155 720 7973 815 26
156 727 7730 747 13
157 727 6106 1020 7
158 730 4012 580 11
159 733 3414 809 18
160 736 4683 515 25
161 738 6927 543 28
162 755 3966 400 12
163 764 4781 1018 32
164 766 5223 316 32
165 768 8156 1007 22
166 771 4171 246 14
167 783 8226 871 13
168 783 8086 796 5
169 785 4968 517 17
170 797 3009 396 10
171 804 2601 403 20
172 812 5464 198 24
173 813 5778 797 22
174 824 8218 1024 7
175 825 3523 786 9
176 825 4125 422 21
177 827 5543 674 26
178 827 3618 838 13
179 829 5818 591 13
180 833 3807 629 31
181 836 4804 1123 14
182 839 3548 395 11
183 844 3587 470 14
184 846 7230 495 30
185 863 5000 808 29
186 886 8278 955 22
187 889 4503 676 22
188 901 7112 707 10
189 905 6268 1001 31
190 921 6221 1064 21
191 924 6450 685 25
192 933 3050 477 28
193 941 5832 749 31
194 942 6712 745 34
195 944 6196 1135 27
196 947 6139 1026 17
197 955 5986 468 32
198 955 6531 479 25
199 957 6195 1083 11
200 995 6877 954 14
201 1003 7105 936 29
202 1117 4238 905 30
203 1221 6387 1009 12
204 1240 5379 570 17
205 1250 5483 606 33
206 1278 3976 730 17
207 1349 8156 597 34
208 1411 8602 938 29
209 1431 7273 730 25
210 1572 5585 695 8
211 1642 5201 627 23
212 1647 5037 601 28
213 1738 6792 827 31
214 1800 3516 412 14
215 1888 7425 801 21
216 2037 4458 750 7
217 2051 9336 1022 25
218 2064 5224 1071 8