1 3000 700 4
15 26
P X X X X X X X X X X X X X X X X X X X X X X X X X
P X B P P P P P P P P P P P B X X B P P P P P P P P
P X B P P P P P P P P P P P B X X B P P P P P P P P
P X X X X X X X X X X X X X X X X X X X X X X X X X
P X B P P P P P P P P P P P B X X B B B B B B B B B
P X B P P P P P P P P P P P B X X B P B X X X X X X
P X X X X X X X X X X X X X B X X B X X X X X X X X
B X B B B B B B B B B B B B B X X B X X X X X X X I
X X X X X X X X X X X X X X X X X X X X X B B B B B
B X X X X X X X X X X X X X X X X X X X X X X X X X
P X X X X X X X X X X X X B B B B B B B B B B B B X
P X X X X X X X X X X X B X X X X X X X X X X X X X
P X X X X X B B X B B B B P P P P P P P P P P P B X
P X X X X B X X X X X X B P P P P P P P P P P P B X
B X E X X B P P P P P P B X X X X X X X X X X X X X
300    
1 7 1881 240 4
2 19 1822 200 3
3 25 2007 303 3
4 27 1697 176 5
5 33 1549 115 3
6 34 2099 305 3
7 52 1623 106 4
8 57 2078 305 3
9 71 1694 126 5
10 79 1992 264 4
11 91 1996 259 4
12 94 2050 291 4
13 98 2176 332 4
14 99 1803 160 3
15 115 1790 149 4
16 120 1708 119 3
17 148 1743 119 5
18 154 1950 207 5
19 162 2026 245 5
20 163 2161 280 5
21 164 2046 251 5
22 167 2188 309 3
23 167 2065 260 4
24 174 2141 286 4
25 177 1705 88 5
26 179 2195 306 5
27 182 2270 325 4
28 184 1662 86 5
29 190 2293 331 3
30 190 2332 335 4
31 190 1934 189 5
32 191 2013 225 5
33 197 1733 109 4
34 203 1927 189 4
35 208 2023 233 5
36 224 1926 170 4
37 226 2056 241 3
38 227 2357 334 5
39 229 1739 112 4
40 253 1843 118 5
41 253 1762 102 5
42 258 2034 219 5
43 259 2152 258 3
44 275 2006 186 3
45 279 1979 173 5
46 288 2339 330 3
47 314 2237 268 3
48 314 2307 293 4
49 339 2003 142 4
50 354 1839 96 3
51 377 1841 89 5
52 384 2134 192 5
53 392 2480 319 4
54 413 1917 104 3
55 420 2246 220 5
56 423 2557 338 3
57 426 1993 107 4
58 427 2310 248 3
59 431 2103 162 5
60 443 1977 99 4
61 445 2527 338 4
62 453 2194 200 3
63 454 2136 177 3
64 463 1994 101 4
65 464 2301 231 4
66 491 2096 120 4
67 493 2466 271 5
68 508 2565 310 5
69 516 2393 249 5
70 517 2274 185 5
71 517 2136 155 5
72 518 2010 101 5
73 549 2222 163 5
74 557 2429 228 3
75 561 2323 207 5
76 573 2544 270 5
77 577 2350 213 4
78 589 2407 217 3
79 619 2433 224 4
80 639 2701 318 5
81 641 2235 116 3
82 649 2303 148 3
83 670 2498 229 5
84 674 2486 207 5
85 674 2773 318 3
86 687 2372 183 4
87 690 2823 335 5
88 693 2284 124 3
89 697 2315 127 5
90 726 2187 91 3
91 733 2460 181 4
92 734 2691 266 3
93 752 2587 211 5
94 759 2791 298 5
95 761 2507 200 5
96 762 2660 246 3
97 762 2724 289 3
98 778 2857 324 5
99 794 2427 160 4
100 795 2464 144 4
101 797 2670 256 3
102 801 2895 322 3
103 805 2715 247 3
104 835 2279 87 3
105 849 2777 255 5
106 857 3004 338 5
107 860 2449 116 3
108 867 2382 86 5
109 876 2849 277 3
110 890 2868 287 5
111 896 2531 157 5
112 906 2779 242 4
113 916 2772 251 5
114 919 2530 144 5
115 924 2844 268 5
116 924 2840 276 3
117 925 2463 94 4
118 928 2744 226 3
119 929 2968 301 4
120 930 2549 148 4
121 934 2786 237 5
122 943 2967 292 4
123 954 2601 162 3
124 974 2543 118 4
125 976 2998 308 3
126 983 3044 316 4
127 1004 2829 236 3
128 1005 2972 295 3
129 1006 2552 101 3
130 1034 2673 163 4
131 1040 2547 87 4
132 1040 2985 284 4
133 1061 3070 303 3
134 1072 3108 292 4
135 1078 3100 304 5
136 1111 2814 168 4
137 1116 2821 174 5
138 1127 3211 330 3
139 1131 3048 261 4
140 1139 3175 306 5
141 1155 2788 152 5
142 1165 3217 324 4
143 1170 2798 152 5
144 1173 3218 328 3
145 1180 2751 132 4
146 1181 2769 116 5
147 1183 2951 189 3
148 1184 2879 183 4
149 1190 2743 104 4
150 1195 2887 180 3
151 1196 3339 339 5
152 1201 2981 202 5
153 1207 2771 107 3
154 1207 3088 253 3
155 1211 2784 121 5
156 1224 3118 235 3
157 1225 3252 308 5
158 1231 2785 123 3
159 1232 3115 252 4
160 1232 3099 233 4
161 1236 2949 167 5
162 1242 3335 335 3
163 1251 2941 179 3
164 1252 3153 239 5
165 1255 2936 165 5
166 1258 3008 198 3
167 1268 3333 322 5
168 1271 2880 139 4
169 1275 3237 286 5
170 1275 3039 190 4
171 1284 3137 234 5
172 1288 3061 216 4
173 1292 2880 140 5
174 1295 2971 155 5
175 1295 2793 98 3
176 1300 3304 286 4
177 1300 3278 271 4
178 1312 3268 277 3
179 1314 2844 122 5
180 1316 2866 115 3
181 1323 3133 214 4
182 1328 3084 180 5
183 1342 3213 249 4
184 1347 3024 163 5
185 1351 3131 198 5
186 1353 3332 280 3
187 1362 3411 320 5
188 1368 3294 256 3
189 1370 3465 317 3
190 1376 3446 308 3
191 1376 3174 196 3
192 1389 3011 143 5
193 1399 3310 268 4
194 1402 3022 138 3
195 1404 3140 196 5
196 1407 3317 246 5
197 1433 3274 232 4
198 1433 2982 97 3
199 1437 3203 187 4
200 1441 3248 217 4
201 1445 3201 209 4
202 1448 3220 208 5
203 1453 3406 288 3
204 1454 3601 337 3
205 1456 3313 246 4
206 1463 3098 134 3
207 1465 3371 250 5
208 1473 3186 168 5
209 1476 3075 117 5
210 1476 3518 327 3
211 1477 3547 315 3
212 1481 3390 252 5
213 1483 3086 149 5
214 1487 3524 320 4
215 1495 3052 115 5
216 1495 3467 275 3
217 1510 3125 136 5
218 1517 3321 223 5
219 1518 3435 265 3
220 1519 3534 296 4
221 1524 3303 195 5
222 1525 3335 215 3
223 1529 3462 262 5
224 1532 3264 177 4
225 1541 3540 302 4
226 1552 3327 190 4
227 1566 3316 187 5
228 1572 3478 246 5
229 1572 3521 271 4
230 1579 3142 126 5
231 1588 3412 215 5
232 1599 3145 106 5
233 1606 3256 156 5
234 1609 3506 260 5
235 1611 3461 225 3
236 1615 3345 175 4
237 1627 3262 147 4
238 1627 3598 285 3
239 1629 3277 155 3
240 1632 3672 296 3
241 1635 3730 323 3
242 1635 3170 105 3
243 1640 3299 168 3
244 1648 3130 92 3
245 1649 3605 259 3
246 1659 3627 284 5
247 1662 3467 200 3
248 1683 3609 267 4
249 1684 3660 300 3
250 1690 3246 103 3
251 1694 3279 119 4
252 1698 3719 313 4
253 1701 3288 134 4
254 1701 3743 323 3
255 1702 3728 301 4
256 1706 3752 319 4
257 1707 3694 289 4
258 1715 3450 190 5
259 1718 3751 317 5
260 1722 3274 109 4
261 1742 3499 201 3
262 1744 3602 242 3
263 1757 3545 215 4
264 1759 3350 124 5
265 1761 3792 289 5
266 1764 3657 243 3
267 1768 3553 211 3
268 1792 3781 292 3
269 1877 3705 235 3
270 1944 4038 324 3
271 1965 3927 284 3
272 2003 3693 173 5
273 2005 4014 311 4
274 2086 3741 146 5
275 2177 4016 223 5
276 2278 3836 127 3
277 2381 4423 304 4
278 2420 3876 87 3
279 2475 4577 338 4
280 2487 4128 149 5
281 2584 4108 106 4
282 2591 4423 210 4
283 2689 4740 305 4
284 2701 4264 113 4
285 2738 4481 203 5
286 2851 4610 204 4
287 2910 5022 326 3
288 2914 4637 190 3
289 2958 5017 300 4
290 2975 4659 156 5
291 2984 4497 87 4
292 3174 4825 161 4
293 3197 4951 203 5
294 3246 4719 91 4
295 3297 4946 160 3
296 3389 5428 324 5
297 3474 5159 156 3
298 3482 5029 96 4
299 3549 5147 147 5
300 3696 5535 227 5